overheads = [...
3.9458274841308596e-08	16.805349
3.3974647521972653e-08	14.469862
2.0146369934082033e-08	8.573654
3.6001205444335936e-08	15.325488
1.7881393432617187e-08	7.624178
6.9141387939453129e-09	2.946379
4.3988227844238281e-08	18.748311
2.5510787963867187e-08	10.868132
1.6212463378906251e-07	69.110029
4.3630599975585937e-08	18.617794
6.8068504333496088e-08	29.071295
7.2479248046874998e-08	30.933758
6.6995620727539069e-08	28.594688
1.6236305236816407e-07	69.343086
6.4492225646972661e-08	27.533225
3.2639503479003906e-07	139.318590
5.0544738769531249e-08	21.506949
8.1062316894531256e-09	3.444166
1.4424324035644531e-08	6.144659
0.0000000000000000e+00	0.000000
2.7418136596679689e-08	11.687428
3.9458274841308596e-08	16.826934
1.3101100921630859e-07	55.911380
4.5657157897949220e-08	19.423613
4.8875808715820315e-09	2.076703
3.5643577575683592e-08	15.164221
1.2205839157104493e-06	519.872663
5.3524971008300782e-08	18.805434
6.2465667724609378e-08	21.961316
7.3075294494628905e-08	25.710077
6.1869621276855471e-08	21.750208
2.1576881408691406e-08	9.199091
1.2516975402832031e-08	5.334206
2.6226043701171873e-09	1.117740
1.5592575073242188e-07	66.328358
2.4402141571044924e-07	103.836125
4.5537948608398438e-08	19.387291
1.4007091522216797e-07	59.606992
3.5524368286132811e-08	15.121193
4.4345855712890625e-08	18.883326
2.8610229492187499e-08	12.177399
5.7578086853027342e-08	24.502777
4.5537948608398438e-08	19.393113
1.6570091247558595e-08	7.063451
5.0902366638183593e-08	21.715555
1.3148784637451172e-07	56.034564
2.6297569274902343e-07	112.109671
1.1754035949707031e-07	49.944461
3.9935111999511721e-08	16.948388
1.7511844635009767e-07	74.301103
1.7166137695312499e-08	7.286386
3.6001205444335936e-08	15.296769
7.7962875366210941e-08	33.141600
7.9989433288574224e-08	34.011719
7.8916549682617191e-08	33.539845
5.0425529479980467e-08	21.506647
5.8889389038085937e-08	25.108447
3.4570693969726560e-08	14.745487
2.2530555725097656e-08	9.604653
1.5294551849365233e-07	65.216453
2.5987625122070312e-08	11.074828
2.6345252990722656e-08	11.237021
2.8610229492187499e-08	12.206024
4.1007995605468747e-08	17.488970
1.1143684387207032e-06	475.291342
2.6464462280273438e-08	11.287925
3.8027763366699219e-08	16.226240
1.1086463928222656e-08	4.723380
4.6491622924804689e-08	19.832665
4.6610832214355470e-08	19.873791
1.7881393432617187e-08	7.599315
8.9406967163085934e-09	3.797729
1.7166137695312499e-08	7.295083
1.3697147369384766e-07	58.439916
4.2438507080078123e-08	18.107911
4.8398971557617191e-08	20.642735
2.0503997802734373e-08	8.740163
5.7458877563476561e-08	24.517391
1.7404556274414062e-07	74.253313
6.8426132202148432e-08	29.187681
6.6995620727539069e-08	28.589146
6.4015388488769535e-08	27.308612
5.7935714721679686e-08	24.718207
7.3075294494628905e-08	31.165572
1.3911724090576172e-07	59.363295
8.3923339843749995e-08	35.738551
6.5803527832031256e-08	28.017995
3.6954879760742187e-08	15.717387
5.7935714721679686e-08	24.668645
1.3816356658935547e-07	58.798014
1.4889240264892579e-07	63.393208
2.6547908782958983e-07	113.075495
1.6546249389648436e-07	70.491940
1.2660026550292969e-07	53.869917
1.4543533325195312e-08	6.166087
1.7261505126953124e-07	73.526787
1.4889240264892579e-07	63.352587
2.8967857360839843e-08	12.352490
5.4478645324707033e-08	23.235314
3.7431716918945313e-08	15.966780
3.1292438507080078e-07	133.557189
7.0929527282714841e-08	30.243188
5.9485435485839844e-08	25.384830
5.4955482482910159e-08	23.444184
1.8894672393798828e-07	80.622539
5.3048133850097657e-08	22.621852
4.7564506530761721e-08	20.284241
6.6637992858886725e-08	28.434794
6.5565109252929693e-08	27.975134
5.1021575927734374e-08	21.760419
4.3630599975585937e-08	18.604700
4.3392181396484374e-08	18.513603
1.7404556274414061e-08	7.421660
4.3988227844238281e-08	18.742678
4.5895576477050782e-08	19.559951
4.4465065002441406e-08	18.945851
1.5568733215332032e-07	66.357502
5.3644180297851564e-08	22.866823
5.5551528930664066e-08	23.671182
2.7537345886230470e-08	11.725220
6.0558319091796876e-08	25.799118
4.1842460632324216e-08	17.825315
4.2557716369628904e-08	18.142862
4.9114227294921872e-08	20.938940
4.0531158447265628e-08	17.274515
1.4698505401611329e-07	62.648073
2.4914741516113280e-08	10.609180
3.0994415283203126e-08	13.195807
1.7344951629638673e-07	73.911961
2.3603439331054689e-08	10.048092
5.8054924011230467e-08	24.749001
5.1498413085937499e-08	21.944100
5.5193901062011721e-08	23.524903
5.1498413085937499e-08	21.959086
7.8916549682617191e-08	33.588471
1.4543533325195312e-08	6.181593
1.7058849334716797e-07	72.641738
7.5340270996093751e-08	32.073840
8.3088874816894526e-08	35.388599
4.5895576477050782e-08	19.519087
9.0479850769042970e-08	38.568511
7.7366828918457034e-08	32.955534
4.6610832214355470e-08	19.837297
3.3974647521972653e-08	14.455072
5.2332878112792969e-08	22.274832
7.4028968811035156e-08	31.502930
4.6849250793457033e-08	19.931872
5.8650970458984374e-08	24.965319
2.0098686218261718e-07	85.560590
6.3419342041015628e-08	26.981018
6.4969062805175786e-08	27.648624
7.4863433837890625e-08	31.857225
7.4386596679687500e-08	31.652381
1.6558170318603516e-07	70.443727
5.3048133850097657e-08	22.564464
6.0439109802246094e-08	25.712590
9.7870826721191401e-08	41.657488
6.6995620727539069e-08	28.501925
2.8491020202636718e-08	12.121726
1.1754035949707031e-07	50.061921
6.1988830566406252e-08	26.371888
6.0439109802246094e-08	25.726849
1.6391277313232422e-07	69.758540
1.5890598297119140e-07	67.552827
8.3804130554199214e-08	35.654939
8.7022781372070310e-08	37.027721
7.3552131652832030e-08	31.286009
1.1444091796875000e-07	48.708356
2.1064281463623046e-07	89.667503
8.4042549133300776e-08	35.798608
4.8518180847167966e-08	20.646848
4.1007995605468747e-08	17.451608
4.6014785766601564e-08	19.575259
2.4080276489257814e-08	10.233797
4.7087669372558596e-08	20.033001
3.2901763916015628e-08	13.982456
2.1541118621826171e-07	91.622742
3.9339065551757814e-08	16.734559
2.5510787963867187e-08	10.845436
3.3378601074218753e-08	14.194185
3.6120414733886718e-08	15.363181
1.1050701141357422e-07	46.976892
1.0371208190917968e-08	4.408924
1.7523765563964843e-08	7.451795
1.1086463928222656e-08	4.707487
6.5088272094726567e-08	27.713028
5.0902366638183593e-08	21.672458
4.9591064453124998e-08	21.101587
4.2557716369628904e-08	18.105775
2.2888183593749999e-07	97.504010
2.8491020202636718e-08	12.103140
6.1035156250000001e-08	25.990086
3.9458274841308596e-08	16.792442
1.6140937805175782e-07	68.687198
4.6133995056152345e-08	19.633559
5.8054924011230467e-08	24.723681
6.8426132202148432e-08	29.117317
6.8902969360351558e-08	29.320225
7.2598457336425780e-08	30.892920
6.4969062805175786e-08	27.669312
7.7605247497558597e-08	33.035396
5.9604644775390625e-08	25.367387
7.8916549682617191e-08	33.641694
6.6995620727539069e-08	28.533553
5.8889389038085937e-08	25.074075
1.7499923706054687e-07	74.527932
6.3061714172363284e-08	26.855908
5.3524971008300782e-08	22.790579
4.5895576477050782e-08	19.531994
9.1552734375000002e-08	38.995846
3.2103061676025391e-07	135.633184
6.6399574279785162e-08	27.806509
1.6903877258300780e-07	72.054064
3.4928321838378904e-08	14.852596
6.4611434936523442e-08	27.518264
2.2900104522705079e-07	97.625874
9.8466873168945307e-08	41.937215
1.0097026824951172e-07	43.009108
8.2015991210937493e-08	34.916004
7.3432922363281249e-08	31.274575
6.5922737121582037e-08	28.082614
2.3841857910156250e-09	1.012101
8.0943107604980474e-08	34.479780
1.2505054473876952e-07	53.277690
8.5949897766113278e-08	36.616465
6.5445899963378911e-08	27.878349
7.5817108154296876e-08	32.249272
7.7486038208007815e-08	32.950116
7.8082084655761722e-08	33.198010
1.4448165893554687e-07	61.343888
7.5578689575195313e-08	32.155542
8.5949897766113278e-08	36.560989
5.4359436035156252e-08	23.094059
8.1062316894531256e-08	34.474570
2.6297569274902343e-07	111.837286
2.0980834960937499e-08	8.890429
1.8835067749023438e-08	7.983525
1.4066696166992187e-08	5.968760
1.6570091247558595e-08	7.028751
1.7404556274414061e-08	7.384252
6.5922737121582037e-08	28.143370
8.2135200500488275e-08	35.050576
